62 19 38 96
46 77 45 32
67 62 13 77
85 90 2 68
73 35 81 40
80 39 7
30 76 63
83 19 8
95 27 19
19 80 81
39 97 25 87 10
17 37 90 10 38
56 43 46 67 36
32 30 58 94 84
58 74 31 84 44
94 46 67 92
65 76 45 35
41 38 96 28
11 89 99 42
12 43 11 28
59 48 28
51 48 24
75 32 46
92 9 63
43 65 46
14 86 27 94 40
30 99 82 9 32
68 31 81 83 97
100 13 38 96 100
43 79 30 70 60
46 83 17 11
87 99 64 46
87 61 15 62
88 98 28 37
31 72 18 4
53 84 87
56 77 95
30 16 0
90 95 0
18 33 42
47 85 29 14 37
43 28 91 59 3
77 17 27 13 1
15 43 24 17 95
68 90 91 69 60
79 44 16 50
56 58 22 100
22 95 46 75
65 25 43 96
12 22 62 15
79 87 14
100 64 42
53 89 30
98 53 43
100 84 13
53 11 75 27 20
91 56 68 45 44
29 87 92 71 91
97 85 81 88 26
66 90 47 74 61
